
<jet_pt> 8 10 12 14 16 18 20 22 24 26 28 30 32 34 36 38 40 42 44 46 48 50 52 54 56 58 60 62 64 </jet_pt>

<JES>  -0.66 -0.73 -0.79 -0.89 -1.04 -1.56 -1.64 -1.66 -1.75 -2.41
       -2.45 -2.61 -3.29 -3.35 -3.57 -4.41 -4.76 -4.81 -5.53 -5.80 
       -6.96 -7.49 -8.10 -9.45 -9.65 -11.4 -11.7 -13.1 -13.1 </JES>

<JER>  2.00 2.06 2.14 2.22 2.37 2.75 2.85 2.94 3.02 3.48 
       3.52 3.74 4.22 4.19 4.33 4.95 5.04 5.07 5.48 5.68 
       6.20  6.72  6.83  7.66  7.58  9.57  9.30  11.70 16 </JER>

# bounds: from JES+5*JER+10 GeV
<pt_M_limit>
18.34 20.57 22.91 25.21 27.81 31.19 33.61 36.04 38.35 41.99
44.15 47.09 50.81 52.6 55.08 59.34 61.44 63.54 66.87 69.6
73.04 77.11 79.05 83.85 85.25 95.45 95.8 108.4 130.9 </pt_M_limit>
